107 201
114 260
123 318
137 371
160 419
198 458
239 491
280 520
323 526
366 516
405 486
442 451
477 411
502 365
516 314
524 258
527 200
149 196
174 169
211 159
251 163
291 175
346 173
385 159
427 150
468 157
495 188
315 226
316 269
317 312
319 355
277 367
299 373
322 379
345 371
368 362
191 235
214 224
242 223
268 240
241 247
212 247
367 237
393 217
422 215
449 225
425 238
395 240
249 406
279 411
305 409
324 413
341 407
368 404
403 396
371 430
344 446
325 450
304 448
280 435
260 410
305 421
325 425
343 420
391 402
342 420
325 425
305 422
